1.984912142295553963e+02 1.132393234493701755e+02 6.900000000000000000e+01
1.982898862750978992e+02 1.195174704443587359e+02 6.900000000000000000e+01
1.976867297114750386e+02 1.257698191866865898e+02 6.900000000000000000e+01
1.966842230383834078e+02 1.319706774342469089e+02 6.900000000000000000e+01
1.952864857707797341e+02 1.380945645304205129e+02 6.900000000000000000e+01
1.934992615109102871e+02 1.441163161095596195e+02 6.900000000000000000e+01
1.913298943466173228e+02 1.500111875027638462e+02 6.900000000000000000e+01
1.887872986729067293e+02 1.557549554190325694e+02 6.900000000000000000e+01
1.858819225607867338e+02 1.613240174839634733e+02 6.900000000000000000e+01
1.826257048239033907e+02 1.666954892269717163e+02 6.900000000000000000e+01
1.790320259593939909e+02 1.718472981184881974e+02 6.900000000000000000e+01
1.751156531645544874e+02 1.767582742707181751e+02 6.900000000000000000e+01
1.708926796552582630e+02 1.814082374292509598e+02 6.900000000000000000e+01
1.663804585354799883e+02 1.857780798980542158e+02 6.900000000000000000e+01
1.615975314896691657e+02 1.898498450570953935e+02 6.900000000000000000e+01
1.565635525909917476e+02 1.936068011499450563e+02 6.900000000000000000e+01
1.512992075385274404e+02 1.970335100381531674e+02 6.900000000000000000e+01
1.458261286552952924e+02 2.001158906398713384e+02 6.900000000000000000e+01
1.401668059963982387e+02 2.028412767920384567e+02 6.900000000000000000e+01
1.343444949325626112e+02 2.051984692983618856e+02 6.900000000000000000e+01
1.283831205888315310e+02 2.071777819492168646e+02 6.900000000000000000e+01
1.223071795310941070e+02 2.087710813243598409e+02 6.900000000000000000e+01
1.161416391044419356e+02 2.099718202148966384e+02 6.900000000000000000e+01
1.099118348369923552e+02 2.107750645271684107e+02 6.900000000000000000e+01
1.036433663307691546e+02 2.111775135580006690e+02 6.900000000000000000e+01
9.736199206744667833e+01 2.111775135580006690e+02 6.900000000000000000e+01
9.109352356122347771e+01 2.107750645271684107e+02 6.900000000000000000e+01
8.486371929377389733e+01 2.099718202148966384e+02 6.900000000000000000e+01
7.869817886712169752e+01 2.087710813243598409e+02 6.900000000000000000e+01
7.262223780938430195e+01 2.071777819492168646e+02 6.900000000000000000e+01
6.666086346565322174e+01 2.051984692983618856e+02 6.900000000000000000e+01
6.083855240181758717e+01 2.028412767920384852e+02 6.900000000000000000e+01
5.517922974292054761e+01 2.001158906398713384e+02 6.900000000000000000e+01
4.970615085968839253e+01 1.970335100381531674e+02 6.900000000000000000e+01
4.444180580722408536e+01 1.936068011499451131e+02 6.900000000000000000e+01
3.940782690854664594e+01 1.898498450570954219e+02 6.900000000000000000e+01
3.462489986273587306e+01 1.857780798980542443e+02 6.900000000000000000e+01
3.011267874295755576e+01 1.814082374292509598e+02 6.900000000000000000e+01
2.588970523366134557e+01 1.767582742707181751e+02 6.900000000000000000e+01
2.197333243882185627e+01 1.718472981184882258e+02 6.900000000000000000e+01
1.837965357431245650e+01 1.666954892269717732e+02 6.900000000000000000e+01
1.512343583742908493e+01 1.613240174839635017e+02 6.900000000000000000e+01
1.221805972530910367e+01 1.557549554190325694e+02 6.900000000000000000e+01
9.675464051598481774e+00 1.500111875027638746e+02 6.900000000000000000e+01
7.506096887305503174e+00 1.441163161095596195e+02 6.900000000000000000e+01
5.718872627436084599e+00 1.380945645304205698e+02 6.900000000000000000e+01
4.321135359832396716e+00 1.319706774342469089e+02 6.900000000000000000e+01
3.318628686740765943e+00 1.257698191866866324e+02 6.900000000000000000e+01
2.715472123117905312e+00 1.195174704443587643e+02 6.900000000000000000e+01
2.514144168660422451e+00 1.132393234493701897e+02 6.900000000000000000e+01
